id,0,truss,3
9,1
9,3
33,3
id,1,truss,3
13,1
4,13
id,2,truss,3
18,1
18,2
id,3,truss,3
1,20
2,20
id,4,truss,3
22,1
2,22
id,5,truss,3
5,7
5,1
1,7
5,11
1,11
6,7
6,1
6,11
17,7
6,17
id,6,truss,3
33,15
34,15
id,7,truss,3
33,16
16,34
id,8,truss,3
19,33
19,34
id,9,truss,3
33,21
21,34
id,10,truss,3
33,23
23,34
id,11,truss,3
28,24
28,34
id,12,truss,3
25,32
25,26
26,32
id,13,truss,3
27,34
27,30
id,14,truss,3
29,32
29,34
32,34
33,32
id,15,truss,4
9,31
33,9
33,31
9,34
31,34
33,34
33,24
24,34
33,30
30,34
24,30
id,16,truss,5
3,8
1,8
3,1
2,8
2,3
4,8
4,3
2,1
4,1
14,1
14,3
2,4
2,14
14,4
